# CX171215CD
24.99604 0.0071327
25.20445 0.020635
25.40413 0.025771
25.60475 0.02917
25.80420 0.030214
26.00459 0.02879
26.20521 0.025233
26.40419 0.020328
26.60410 0.01509
26.80544 0.010535
27.00370 0.0078185
27.20503 0.0070799
27.40425 0.0083739
27.60487 0.01096
27.80432 0.014336
28.00494 0.01738
28.20486 0.019631
28.40407 0.020383
28.60446 0.019847
28.80508 0.017818
29.00406 0.015162
29.20468 0.012099
29.40483 0.0093186
29.60404 0.007382
29.80514 0.0063088
30.00435 0.0063658
30.20498 0.0076403
30.40395 0.0094222
30.60481 0.011495
30.80473 0.013529
31.00441 0.015026
31.20456 0.015794
31.40495 0.015783
31.60369 0.014926
31.80550 0.013225
32.00400 0.010849
32.20486 0.0082583
32.40383 0.0058324
32.60469 0.0037266
32.80485 0.0024528
33.00500 0.0024897
33.20374 0.003841
33.40554 0.0068261
33.60381 0.01144
33.80514 0.017615
34.00435 0.025206
34.20474 0.034123
34.40419 0.043941
34.60528 0.054586
34.80449 0.065713
35.00465 0.076967
35.20456 0.087941
35.40495 0.098702
35.60440 0.10862
35.80455 0.118
36.00447 0.12582
36.20415 0.13262
36.40478 0.13741
36.60422 0.14129
36.80508 0.14263
37.00382 0.14239
37.20468 0.14008
37.40483 0.13604
37.60428 0.1297
37.80443 0.12238
38.00482 0.11352
38.20427 0.10386
38.40489 0.093715
38.60458 0.083347
38.80473 0.073942
39.00417 0.065138
39.20504 0.057625
39.40495 0.051673
39.60440 0.046827
39.80502 0.043423
40.00423 0.042033
40.20415 0.041562
40.40525 0.042222
40.60422 0.04339
40.80461 0.045649
41.00406 0.048588
41.20515 0.050847
41.40436 0.053536
41.60428 0.055562
41.80467 0.057463
42.00482 0.058507
42.20450 0.059403
42.40395 0.059083
42.60528 0.058504
42.80402 0.057195
43.00441 0.055224
43.20433 0.052719
43.40566 0.049492
43.60298 0.046178
43.80502 0.042798
44.00471 0.038971
44.20439 0.034693
44.40407 0.032207
44.60516 0.029083
44.80414 0.026573
45.00476 0.024073
45.20397 0.02278
45.40531 0.021783
45.60381 0.02145
45.80467 0.021266
46.00529 0.022063
46.20380 0.021439
46.40442 0.023946
46.60528 0.025019
46.80379 0.025582
47.00488 0.027941
47.20480 0.027714
47.40425 0.029533
47.60416 0.03063
47.80502 0.031422
48.00471 0.031704
48.20439 0.031533
48.40431 0.031006
48.60540 0.028633
48.80343 0.029171
49.00524 0.028663
49.20468 0.025917
49.40413 0.025389
49.60475 0.023681
49.80396 0.022633
50.00930 0.020968
50.50933 0.018395
51.00818 0.019077
51.50703 0.022661
52.00848 0.031726
52.50851 0.042789
53.00924 0.057097
53.50880 0.073345
54.00883 0.090704
54.50863 0.10969
55.00842 0.12875
55.50868 0.14781
56.00824 0.16633
56.50827 0.18465
57.00901 0.20188
57.50857 0.21871
58.00883 0.23525
58.50863 0.25005
59.00889 0.26612
59.50915 0.28016
60.00919 0.2935
60.50851 0.30573
61.00807 0.31757
61.50880 0.32768
62.00930 0.33669
62.50839 0.34427
63.00889 0.34935
63.50845 0.35258
64.00895 0.35133
64.50780 0.34543
65.00854 0.33608
65.50857 0.32021
66.00883 0.29844
66.50839 0.27297
67.00842 0.24479
67.50892 0.21674
68.00919 0.19235
68.50780 0.17346
69.00830 0.15852
69.50857 0.1501
70.00930 0.14646
70.50792 0.14161
71.00818 0.14062
71.50892 0.14213
72.00895 0.14214
72.50921 0.14217
73.00807 0.14088
73.50880 0.13846
74.00930 0.13388
74.50862 0.12911
75.00913 0.12605
75.50868 0.12222
76.00895 0.1164
76.50874 0.11532
77.00854 0.1132
77.50833 0.11006
78.00907 0.10596
78.50910 0.10702
79.00842 0.10085
79.50821 0.10555
80.00824 0.10768
80.50874 0.1105
81.00854 0.10894
81.50904 0.11359
82.00765 0.10629
82.50815 0.11362
83.00842 0.11611
83.50892 0.12107
84.00848 0.12156
84.50874 0.1319
85.00736 0.12548
85.50809 0.12414
86.00883 0.13299
86.50910 0.14035
87.00913 0.13663
87.50868 0.13503
88.00848 0.14388
88.50898 0.14517
89.00854 0.13317
89.50927 0.13752
90.00836 0.14305
90.50839 0.13925
91.00818 0.16513
91.50845 0.14463
92.00848 0.15866
92.50827 0.14341
93.00854 0.15192
93.50857 0.17834
94.00883 0.15684
94.50910 0.16583
95.00771 0.17782
