# CX171215AB
24.99557 0.0085344
25.20397 0.02115
25.40413 0.025914
25.60499 0.029038
25.80349 0.029992
26.00553 0.028672
26.20451 0.025444
26.40395 0.020846
26.60528 0.015737
26.80496 0.011294
27.00394 0.0084914
27.20503 0.0076255
27.40495 0.0085952
27.60463 0.011047
27.80455 0.014238
28.00494 0.017423
28.20462 0.01963
28.40431 0.020752
28.60469 0.020258
28.80485 0.01868
29.00453 0.01612
29.20492 0.013196
29.40460 0.010357
29.60428 0.0081156
29.80467 0.0070323
30.00459 0.006932
30.20498 0.0078664
30.40395 0.0094893
30.60505 0.01144
30.80449 0.013463
31.00441 0.015046
31.20503 0.015852
31.40495 0.015891
31.60322 0.01508
31.80550 0.013327
32.00447 0.011102
32.20486 0.0085286
32.40383 0.0059995
32.60540 0.0037422
32.80438 0.0026338
33.00476 0.0025955
33.20397 0.0039299
33.40531 0.007031
33.60404 0.011521
33.80514 0.017809
34.00435 0.025523
34.20498 0.034504
34.40419 0.044345
34.60481 0.055149
34.80473 0.066301
35.00394 0.077693
35.20504 0.088914
35.40448 0.099656
35.60464 0.10983
35.80455 0.11931
36.00494 0.12752
36.20368 0.13423
36.40478 0.13934
36.60469 0.14288
36.80485 0.14471
37.00406 0.14426
37.20492 0.14202
37.40483 0.13796
37.60404 0.13166
37.80514 0.1239
38.00482 0.11499
38.20427 0.10518
38.40489 0.09461
38.60458 0.083885
38.80449 0.074244
39.00394 0.064922
39.20504 0.057357
39.40495 0.05098
39.60440 0.046205
39.80408 0.042989
40.00541 0.04126
40.20344 0.04071
40.40548 0.041825
40.60422 0.043548
40.80485 0.045659
41.00406 0.048654
41.20515 0.051264
41.40460 0.053798
41.60428 0.05647
41.80467 0.058747
42.00459 0.060288
42.20498 0.060924
42.40395 0.061062
42.60528 0.0604
42.80402 0.058652
43.00441 0.056578
43.20456 0.054359
43.40566 0.05108
43.60298 0.047401
43.80526 0.043499
44.00471 0.039972
44.20439 0.035999
44.40478 0.032452
44.60493 0.029764
44.80438 0.026199
45.00453 0.024775
45.20445 0.022956
45.40507 0.02105
45.60381 0.021274
45.80443 0.021469
46.00529 0.021142
46.20427 0.022415
46.40442 0.02388
46.60528 0.024849
46.80449 0.026421
47.00488 0.027699
47.20480 0.029062
47.40401 0.028707
47.60416 0.030777
47.80502 0.032045
48.00494 0.03114
48.20368 0.031742
48.40454 0.030904
48.60469 0.029833
48.80438 0.028934
49.00476 0.027775
49.20468 0.026451
49.40413 0.023676
49.60452 0.024151
49.80420 0.021421
50.00789 0.018979
50.50863 0.017247
51.00913 0.018294
51.50892 0.022
52.00895 0.030437
52.50898 0.040814
53.00877 0.054772
53.50880 0.071101
54.00907 0.088069
54.50863 0.10717
55.00889 0.12595
55.50845 0.14497
56.00777 0.16349
56.50898 0.18187
57.00901 0.19933
57.50880 0.21612
58.00812 0.23218
58.50792 0.24763
59.00889 0.26314
59.50915 0.27714
60.00989 0.29049
60.50851 0.30283
61.00901 0.31459
61.50975 0.32435
62.00907 0.33358
62.50886 0.34084
63.00865 0.34637
63.50868 0.34977
64.00895 0.34941
64.50851 0.34392
65.00830 0.33431
65.50880 0.31948
66.00883 0.29793
66.50839 0.27187
67.00865 0.24428
67.50868 0.21536
68.00919 0.18987
68.50851 0.17016
69.00877 0.15539
69.50857 0.14733
70.00930 0.14196
70.50862 0.13998
71.00865 0.14006
71.50845 0.13786
72.00895 0.14022
72.50804 0.14046
73.00830 0.1377
73.50880 0.13365
74.00907 0.13245
74.50910 0.12782
75.00865 0.12555
75.50868 0.12118
76.00848 0.11398
76.50921 0.11171
77.00877 0.10942
77.50951 0.10776
78.00930 0.10226
78.50862 0.10537
79.00889 0.10818
79.50916 0.10426
80.00919 0.1048
80.50921 0.1042
81.00901 0.10779
81.50927 0.1075
82.00883 0.10904
82.50886 0.10559
83.00818 0.1177
83.50845 0.11336
84.00871 0.11673
84.50898 0.12097
85.00854 0.12143
85.50880 0.13081
86.00765 0.11133
86.50839 0.13933
87.00795 0.12639
87.50798 0.13282
88.00824 0.13821
88.50898 0.1305
89.00877 0.13645
89.50857 0.15478
90.00765 0.1157
90.50839 0.14117
91.00889 0.14292
91.50868 0.14272
92.00919 0.14823
92.50827 0.14119
93.00854 0.18806
93.50880 0.16295
94.00930 0.17783
94.50910 0.14754
95.00771 0.14755
