# CX171214JK
24.99581 0.0066355
25.20397 0.016741
25.40413 0.020493
25.60499 0.023115
25.80373 0.024205
26.00530 0.023679
26.20427 0.021701
26.40395 0.018656
26.60505 0.01502
26.80520 0.011614
27.00418 0.0090851
27.20480 0.0078191
27.40519 0.0079092
27.60440 0.0090437
27.80408 0.010932
28.00494 0.013132
28.20462 0.014942
28.40431 0.01613
28.60446 0.016624
28.80532 0.016083
29.00382 0.014759
29.20492 0.013021
29.40436 0.011022
29.60452 0.0092799
29.80491 0.0079714
30.00435 0.0071277
30.20498 0.0071565
30.40395 0.0077531
30.60505 0.0087313
30.80496 0.010042
31.00418 0.011342
31.20433 0.012289
31.40566 0.012894
31.60298 0.012793
31.80573 0.011966
32.00447 0.010581
32.20486 0.0085629
32.40383 0.0063885
32.60540 0.0043345
32.80438 0.0028467
33.00453 0.0021565
33.20445 0.0026495
33.40531 0.004756
33.60381 0.0084248
33.80514 0.013799
34.00459 0.020915
34.20427 0.029288
34.40419 0.039114
34.60505 0.04962
34.80497 0.060695
35.00323 0.072305
35.20504 0.083689
35.40448 0.094469
35.60440 0.10471
35.80479 0.11388
36.00423 0.1219
36.20368 0.12833
36.40501 0.133
36.60493 0.13587
36.80485 0.1367
37.00429 0.13585
37.20445 0.13261
37.40483 0.12782
37.60381 0.12171
37.80467 0.11424
38.00506 0.10536
38.20356 0.096696
38.40513 0.087459
38.60458 0.078622
38.80544 0.070374
39.00347 0.063352
39.20527 0.057506
39.40425 0.052757
39.60487 0.049243
39.80455 0.047089
40.00494 0.045591
40.20392 0.045564
40.40525 0.046125
40.60399 0.047108
40.80485 0.048411
41.00429 0.049858
41.20445 0.051173
41.40507 0.052599
41.60357 0.053513
41.80538 0.054603
42.00435 0.054885
42.20498 0.054663
42.40371 0.054069
42.60528 0.05298
42.80449 0.05154
43.00417 0.04986
43.20456 0.047963
43.40519 0.045131
43.60346 0.043115
43.80479 0.040818
44.00518 0.037815
44.20392 0.035501
44.40525 0.032955
44.60493 0.031181
44.80367 0.029052
45.00500 0.02749
45.20445 0.026319
45.40483 0.025605
45.60404 0.024968
45.80491 0.023726
46.00482 0.024896
46.20427 0.024615
46.40442 0.024838
46.60552 0.025044
46.80402 0.026008
47.00512 0.026358
47.20456 0.027336
47.40472 0.02762
47.60393 0.028455
47.80479 0.028797
48.00494 0.028251
48.20439 0.028008
48.40454 0.02789
48.60516 0.025186
48.80390 0.026322
49.00500 0.02547
49.20468 0.025143
49.40436 0.025572
49.60452 0.024361
49.80443 0.022458
50.00977 0.018208
50.50886 0.017748
51.00889 0.01912
51.50915 0.021493
52.00895 0.027718
52.50851 0.036257
53.00901 0.047973
53.50880 0.061236
54.00883 0.076356
54.50886 0.093046
55.00889 0.11091
55.50915 0.12895
56.00824 0.14739
56.50921 0.16496
57.00924 0.18223
57.50904 0.19909
58.00930 0.21524
58.50886 0.23018
59.00842 0.24589
59.50892 0.26017
60.00942 0.27354
60.50921 0.28596
61.00807 0.29831
61.50880 0.30783
62.00883 0.31738
62.50815 0.32502
63.00795 0.33157
63.50821 0.33458
64.00942 0.33459
64.50921 0.33017
65.00877 0.32118
65.50904 0.30576
66.00954 0.28534
66.50815 0.26012
67.00795 0.23184
67.50798 0.20536
68.00871 0.18281
68.50780 0.1641
69.00830 0.15129
69.50857 0.14191
70.00907 0.13809
70.50839 0.1348
71.00842 0.13316
71.50916 0.13452
72.00871 0.13285
72.50874 0.1325
73.00924 0.12967
73.50833 0.12765
74.00883 0.12597
74.50886 0.12201
75.00818 0.11427
75.50868 0.11146
76.00966 0.10729
76.50921 0.1035
77.00877 0.099185
77.50880 0.097316
78.00954 0.094702
78.50886 0.094856
79.00795 0.087832
79.50821 0.096604
80.00871 0.093111
80.50898 0.097229
81.00830 0.094606
81.50857 0.09026
82.00883 0.095871
82.50815 0.10147
83.00818 0.098444
83.50821 0.10641
84.00895 0.09778
84.50945 0.10638
85.00924 0.10814
85.50786 0.094421
86.00836 0.10316
86.50910 0.12443
87.00865 0.10556
87.50845 0.10054
88.00824 0.11311
88.50874 0.11376
89.00877 0.10926
89.50880 0.12433
90.00742 0.09166
90.50839 0.11362
91.00842 0.10839
91.50892 0.12407
92.00895 0.10796
92.50804 0.09288
93.00783 0.093935
93.50880 0.12337
94.00883 0.10807
94.50862 0.10418
95.00795 0.11002
